{
 "cells": [
  {
   "cell_type": "code",
   "execution_count": 1,
   "id": "1257c4a8-4bd0-4647-ae95-160dc125c443",
   "metadata": {},
   "outputs": [],
   "source": [
    "from netgen.occ import *\n",
    "from ngsolve import Mesh\n",
    "from ngsolve.webgui import Draw\n",
    "\n",
    "import sys\n",
    "sys.path.append(\"../build/rigid_body\")\n",
    "from rigid_body import *\n",
    "\n",
    "import pythreejs as p3\n",
    "\n",
    "import numpy as np\n",
    "from IPython.display import display\n",
    "import time"
   ]
  },
  {
   "cell_type": "code",
   "execution_count": 2,
   "id": "bf6e80a0-d42c-4425-a739-de6696f2b75b",
   "metadata": {},
   "outputs": [],
   "source": [
    "# set up OCC CAD model\n",
    "box = Box(Pnt(0,0,0), Pnt(1,1,1))\n",
    "geo = OCCGeometry(box)\n",
    "mesh = Mesh(geo.GenerateMesh(maxh=0.5))"
   ]
  },
  {
   "cell_type": "code",
   "execution_count": 3,
   "id": "ff9020a8-abc0-493b-b3ad-42914b2fa409",
   "metadata": {},
   "outputs": [
    {
     "data": {
      "application/vnd.jupyter.widget-view+json": {
       "model_id": "1486be02393b4bfd9311cf421e77f397",
       "version_major": 2,
       "version_minor": 0
      },
      "text/plain": [
       "WebGuiWidget(layout=Layout(height='500px', width='100%'), value={'gui_settings': {}, 'ngsolve_version': '6.2.2…"
      ]
     },
     "metadata": {},
     "output_type": "display_data"
    },
    {
     "data": {
      "text/plain": [
       "BaseWebGuiScene"
      ]
     },
     "execution_count": 3,
     "metadata": {},
     "output_type": "execute_result"
    }
   ],
   "source": [
    "Draw(mesh)"
   ]
  },
  {
   "cell_type": "code",
   "execution_count": 4,
   "id": "20f4548f-b512-4fa9-8f69-c18104385a55",
   "metadata": {},
   "outputs": [],
   "source": [
    "def extract_vertices(mesh: Mesh):\n",
    "    \"extracts a p3js compatible vertex list from a netgen.occ Mesh\"\n",
    "    combined_vertices = [] # flat array of vertices of all faces\n",
    "    all_vertices = [vert.point for vert in mesh.vertices] # all available vertices\n",
    "\n",
    "    # throw all vertices of all faces into combined_vertices\n",
    "    for face in mesh.faces:\n",
    "        for vertex in face.vertices:\n",
    "            point = all_vertices[vertex.nr]\n",
    "            combined_vertices.append(point)\n",
    "            \n",
    "    return np.array(combined_vertices, dtype=np.float32)"
   ]
  },
  {
   "cell_type": "code",
   "execution_count": 5,
   "id": "1dbdc0df-703e-4ec9-9f76-3bbdb9348b13",
   "metadata": {},
   "outputs": [],
   "source": [
    "view_width = 600\n",
    "view_height = 400\n",
    "\n",
    "# set up pythreejs 3d object\n",
    "original_vertices = extract_vertices(mesh)\n",
    "buffergeom = p3.BufferGeometry(attributes = {\"position\" : p3.BufferAttribute(original_vertices, normalized=False)})\n",
    "material = p3.MeshPhongMaterial(color='#ff3333', shininess=150, morphTargets=True, side=\"DoubleSide\")\n",
    "p3mesh = p3.Mesh(buffergeom, material, position=(0,0,0))\n",
    "\n",
    "# extra scene contents\n",
    "camera = p3.PerspectiveCamera( position=[10, 6, 10], aspect=view_width/view_height)\n",
    "key_light = p3.DirectionalLight(position=[0, 10, 10])\n",
    "ambient_light = p3.AmbientLight()\n",
    "\n",
    "# set up scene\n",
    "scene = p3.Scene(children=[p3mesh, camera, key_light, ambient_light])\n",
    "controller = p3.OrbitControls(controlling=camera)\n",
    "renderer = p3.Renderer(camera=camera, scene=scene, controls=[controller],\n",
    "                    width=view_width, height=view_height, antialias=True) # if performance is bad, try removing antalias=True"
   ]
  },
  {
   "cell_type": "code",
   "execution_count": null,
   "id": "118ca51d-42ff-48f1-9f2f-9f726df4ec55",
   "metadata": {},
   "outputs": [
    {
     "data": {
      "application/vnd.jupyter.widget-view+json": {
       "model_id": "5cd68050b7dd451e970ca5eb957d0cd4",
       "version_major": 2,
       "version_minor": 0
      },
      "text/plain": [
       "Renderer(camera=PerspectiveCamera(aspect=1.5, position=(10.0, 6.0, 10.0), projectionMatrix=(1.0, 0.0, 0.0, 0.0…"
      ]
     },
     "metadata": {},
     "output_type": "display_data"
    },
    {
     "name": "stdout",
     "output_type": "stream",
     "text": [
      "(0.9993750651564222, -0.02499479090063223, -0.024994790885916177, 0.0, 0.024994790900599976, 0.9996875325780274, -0.0003124674230792057, 0.0, 0.024994790885948432, -0.0003124674204986564, 0.9996875325783945, 0.0, 0.12531767652851444, 0.012809862871551883, 0.0128098628653008, 1.0)\n",
      "(0.997501041712754, -0.04995834157150735, -0.049958341539681164, 0.0, 0.049958341571379426, 0.9987505208555842, -0.0012494791461804442, 0.0, 0.04995834153980909, -0.0012494791410656704, 0.9987505208571698, 0.0, 0.2512911375880287, 0.02622864992849476, 0.026228649914346303, 1.0)\n",
      "(0.9943802719540593, -0.07485945082587699, -0.0748594507769022, 0.0, 0.07485945082559503, 0.9971901359752019, -0.002809864026726013, 0.0, 0.07485945077718413, -0.0028098640192148216, 0.9971901359788573, 0.0, 0.3779504132215805, 0.04023958943494541, 0.04023958941238585, 1.0)\n",
      "(0.9900166564357982, -0.0996669955222379, -0.0996669954561336, 0.0, 0.09966699552174887, 0.9950083282146128, -0.004991671786982977, 0.0, 0.09966699545662264, -0.004991671777218844, 0.9950083282211853, 0.0, 0.5053246762929149, 0.05482516954242258, 0.05482516951096615, 1.0)\n",
      "(0.9844156491086494, -0.12434996946268506, -0.12434996937927088, 0.0, 0.12434996946192879, 0.9922078245491451, -0.0077921754517097696, 0.0, 0.12434996938002718, -0.007792175439640758, 0.9922078245595043, 0.0, 0.6334422060246964, 0.06996716017659108, 0.06996716013573842, 1.0)\n",
      "(0.9775842505017551, -0.14887752214644678, -0.1488775220456594, 0.0, 0.1488775221453897, 0.9887921252433696, -0.011207874756143137, 0.0, 0.1488775220467164, -0.011207874742101661, 0.9887921252583856, 0.0, 0.7623303526530688, 0.08564663582258997, 0.0856466357717085, 1.0)\n",
      "(0.9695309989730485, -0.17321899732881768, -0.17321899721081813, 0.0, 0.17321899732741208, 0.9847654994762699, -0.015234500521466488, 0.0, 0.1732189972122237, -0.015234500505484872, 0.9847654994967787, 0.0, 0.8920155032436566, 0.10184399917901658, 0.101843999117753, 1.0)\n",
      "(0.9602659600373834, -0.19734397133784223, -0.19734397120279856, 0.0, 0.19734397133603435, 0.9801329800052787, -0.019867019990287636, 0.0, 0.19734397120460653, -0.019867019972328828, 0.9801329800321048, 0.0, 1.022523048710986, 0.11853900565244668, 0.11853900558049095, 1.0)\n",
      "(0.9498007137858816, -0.22122229110014446, -0.22122229094789, 0.0, 0.2212222910978833, 0.9749003568759227, -0.025099643117023635, 0.0, 0.2212222909501511, -0.02509964309709483, 0.9749003569099589, 0.0, 1.1538773520830383, 0.1357107886606588, 0.1357107885774775, 1.0)\n",
      "(0.9381483404124111, -0.2448241118276906, -0.24482411165818901, 0.0, 0.24482411182491892, 0.9690741701851444, -0.03092582980476539, 0.0, 0.24482411166096063, -0.030925829782823575, 0.9690741702272667, 0.0, 1.2861017180508512, 0.1533378857126854, 0.1533378856178444, 1.0)\n",
      "(0.9253234038649749, -0.2681199343203017, -0.2681199341336141, 0.0, 0.2681199343169485, 0.9626617019069564, -0.03733829807955154, 0.0, 0.26811993413696716, -0.037338298055473514, 0.9626617019580184, 0.0, 1.419218363840551, 0.17139826523440999, 0.17139826512757456, 1.0)\n",
      "(0.9113419336427778, -0.29108064183564086, -0.2910806416318233, 0.0, 0.29108064183164917, 0.9556709667909573, -0.04432903319171679, 0.0, 0.29108064163581515, -0.04432903316550532, 0.9556709668518206, 0.0, 1.5532483914448734, 0.18986935410509553, 0.18986935398586108, 1.0)\n",
      "(0.8962214047614739, -0.3136775364811644, -0.31367753626053346, 0.0, 0.31367753647645474, 0.9481107023450187, -0.051889297633498144, 0.0, 0.3136775362652429, -0.05188929760502799, 0.9481107024164551, 0.0, 1.6882117612484098, 0.20872806587058784, 0.20872806573878996, 1.0)\n",
      "(0.8799807159114673, -0.33588237508340835, -0.3358823748461209, 0.0, 0.3358823750779129, 0.9399903579143211, -0.06000964205964545, 0.0, 0.33588237485161626, -0.06000964202888723, 0.9399903579971463, 0.0, 1.824127267079498, 0.22795082959898844, 0.22795082945431172, 1.0)\n",
      "(0.8626401658372084, -0.35766740448770473, -0.35766740423385257, 0.0, 0.3576674044813463, 0.9313200828710799, -0.06867991709795224, 0.0, 0.357667404240211, -0.06867991706483931, 0.9313200829661284, 0.0, 1.9610125127206124, 0.24751361934073393, 0.24751361918284012, 1.0)\n",
      "(0.8442214279664201, -0.3790053962459776, -0.37900539597579364, 0.0, 0.3790053962387011, 0.9221107139291802, -0.07788928603449338, 0.0, 0.37900539598307015, -0.07788928599908655, 0.9221107140372401, 0.0, 2.0988838899058986, 0.26739198415794363, 0.26739198398652514, 1.0)\n",
      "(0.8247475233210434, -0.3998696806490094, -0.3998696803628208, 0.0, 0.3998696806407495, 0.9123737615996171, -0.0876262383583249, 0.0, 0.3998696803710807, -0.08762623832063181, 0.9123737617214261, 0.0, 2.237756557833559, 0.28756107868501385, 0.28756107849986107, 1.0)\n",
      "(0.8042427917438468, -0.42023418006030644, -0.4202341797582692, 0.0, 0.42023418005102947, 0.9021213958037352, -0.0978786041479913, 0.0, 0.4202341797675461, -0.09787860410816188, 0.9021213959401114, 0.0, 2.3776444242187837, 0.3079956941823689, 0.30799569398307636, 1.0)\n",
      "(0.7827328614770395, -0.4400734415091643, -0.4400734411916331, 0.0, 0.44007344149882277, 0.891366430662689, -0.10863356928242666, 0.0, 0.44007344120197456, -0.10863356924053374, 0.8913664308143506, 0.0, 2.5185601279110728, 0.3286702900435066, 0.32867028982985635, 1.0)\n",
      "(0.7602446171304226, -0.4593626685037287, -0.4593626681711854, 0.0, 0.45936266849223106, 0.8801223084814294, -0.11987769145681777, 0.0, 0.45936266818268306, -0.11987769141275965, 0.8801223086489929, 0.0, 2.6605150230973194, 0.34955902571753206, 0.3495590254895066, 1.0)\n",
      "(0.736806166078669, -0.47807775202392, -0.47807775167665806, 0.0, 0.47807775201118574, 0.8684030829472513, -0.1315969169837965, 0.0, 0.47807775168939215, -0.1315969169375346, 0.8684030831314175, 0.0, 2.8035191651103664, 0.37063579300710475, 0.37063579276452036, 1.0)\n",
      "(0.7124468033310244, -0.49619530065405043, -0.4961953002923759, 0.0, 0.49619530063999256, 0.8562234015647874, -0.14377659835874612, 0.0, 0.496195300306434, -0.14377659831022957, 0.8562234017662369, 0.0, 2.9475812978612637, 0.39187424869974946, 0.39187424844244434, 1.0)\n",
      "(0.6871969749172344, -0.5136926698185099, -0.5136926694428618, 0.0, 0.5136926698030565, 0.8435984873489506, -0.1564015125667606, 0.0, 0.5136926694583153, -0.1564015125160049, 0.8435984875682839, 0.0, 3.092708842910687, 0.41324784749278515, 0.4132478472206711, 1.0)\n",
      "(0.6610882398341611, -0.5305479900848082, -0.5305479896955043, 0.0, 0.5305479900678908, 0.8305441197981412, -0.16945588010940282, 0.0, 0.5305479897124217, -0.16945588005643608, 0.8305441200360199, 0.0, 3.238907890192754, 0.43472987517155476, 0.43472987488444553, 1.0)\n",
      "(0.634153230598598, -0.5467401944989887, -0.5467401940964006, 0.0, 0.5467401944805445, 0.8170766151707756, -0.18292338472826508, 0.0, 0.5467401941148448, -0.1829233846731371, 0.8170766154278222, 0.0, 3.3861831904029995, 0.4562934820006779, 0.456293481698424, 1.0)\n",
      "(0.6064256124621368, -0.5622490449156619, -0.5622490445001643, 0.0, 0.5622490448956221, 0.8032128060926582, -0.19678719379756013, 0.0, 0.5622490445202044, -0.19678719374030304, 0.8032128063694787, 0.0, 3.5345381490610137, 0.477911716281656, 0.477911715964125, 1.0)\n",
      "(0.5779400413342373, -0.5770551572927958, -0.5770551568648935, 0.0, 0.5770551572711322, 0.7889700205185566, -0.2110299793625006, 0.0, 0.5770551568865572, -0.21102997930326223, 0.7889700208156807, 0.0, 3.6839748222540294, 0.4995575580387535, 0.4995575577058586, 1.0)\n",
      "(0.5487321204669466, -0.5911400259193618, -0.5911400254795008, 0.0, 0.5911400258959639, 0.7743660600745123, -0.2256339397971764, 0.0, 0.5911400255028981, -0.22563393973587687, 0.7743660603924342, 0.0, 3.8344939140670884, 0.5212039527903662, 0.5212039524421243, 1.0)\n",
      "(0.5188383559552604, -0.6044860465450378, -0.6044860460936984, 0.0, 0.6044860465198714, 0.7594191778080167, -0.2405808220539868, 0.0, 0.604486046118865, -0.24058082199075284, 0.7594191781472438, 0.0, 3.986094775702992, 0.5428238453638902, 0.5428238450002225, 1.0)\n",
      "(0.48829611110942867, -0.6170765383831432, -0.6170765379209339, 0.0, 0.6170765383562101, 0.7441480553742402, -0.2558519444777651, 0.0, 0.617076537947867, -0.2558519444128063, 0.7441480557351884, 0.0, 4.138775406293237, 0.5643902137108583, 0.5643902133317575, 1.0)\n",
      "(0.4571435597564914, -0.6288957649594209, -0.6288957644866658, 0.0, 0.6288957649306928, 0.728571779686606, -0.2714282201550357, 0.0, 0.6288957645153941, -0.271428220088473, 0.7285717800698854, 0.0, 4.292532455398695, 0.5858761026806477, 0.5858761022859101, 1.0)\n",
      "(0.4254196385264275, -0.6399289537808562, -0.6399289532979283, 0.0, 0.6399289537502928, 0.7127098190601291, -0.287290180770826, 0.0, 0.6399289533284921, -0.28729018070274653, 0.7127098194662984, 0.0, 4.447361227197378, 0.6072546577117403, 0.6072546573012303, 1.0)\n",
      "(0.3931639981869117, -0.6501623147992355, -0.6501623143066522, 0.0, 0.6501623147668808, 0.6965819988786761, -0.30341800094120874, 0.0, 0.6501623143390067, -0.3034180008718794, 0.6965819993082356, 0.0, 4.603255686353587, 0.6284991583962221, 0.6284991579698151, 1.0)\n",
      "(0.3604169540850949, -0.6595830576469347, -0.6595830571453022, 0.0, 0.6595830576127704, 0.6802084768159008, -0.31979152299268543, 0.0, 0.6595830571794667, -0.3197915229222197, 0.6802084772691941, 0.0, 4.7602084655613135, 0.6495830518766293, 0.6495830514343987, 1.0)\n",
      "(0.327219435758751, -0.6681794076233029, -0.6681794071130124, 0.0, 0.668179407587217, 0.6636097176406405, -0.33639028215646355, 0.0, 0.6681794071490982, -0.3363902820847853, 0.6636097181181105, 0.0, 4.918210874752447, 0.6704799860337264, 0.6704799855756842, 1.0)\n",
      "(0.293612935779659, -0.6759406204112672, -0.6759406198926653, 0.0, 0.6759406203731485, 0.6468064676387667, -0.35319353214664634, 0.0, 0.6759406199307842, -0.35319353207369447, 0.6468064681408924, 0.0, 5.0772529119581815, 0.6911638424231, 0.6911638419492104, 1.0)\n",
      "(0.25963945789350196, -0.6828569955062571, -0.6828569949798682, 0.0, 0.6828569954660835, 0.6298197286831713, -0.3701802710903024, 0.0, 0.682856995020042, -0.3701802710161955, 0.6298197292103308, 0.0, 5.237323275810164, 0.711608768919644, 0.7116087684299209, 1.0)\n",
      "(0.22534146452034254, -0.6889198883408545, -0.6889198878071758, 0.0, 0.6889198882985049, 0.6126707319839328, -0.3873292677774912, 0.0, 0.6889198878495255, -0.3873292677021662, 0.6126707325364097, 0.0, 5.398409379665792, 0.731789212029547, 0.7317892115241302, 1.0)\n",
      "(0.19076182368223737, -0.6941217210891351, -0.6941217205488414, 0.0, 0.6941217210446075, 0.5953809115521257, -0.40461908819707504, 0.0, 0.6941217205933693, -0.4046190881206877, 0.5953809121301117, 0.0, 5.560497367339875, 0.7516799488288524, 0.7516799483079033, 1.0)\n"
     ]
    }
   ],
   "source": [
    "r = RigidBody()\n",
    "r.setMass(mass_cube())\n",
    "t = Transformation()\n",
    "t.setTranslation(0.01,0,0)\n",
    "t.setRotation(0,2,0.005)\n",
    "t.setRotation(0,1,0.005)\n",
    "r.dq=t\n",
    "\n",
    "display(renderer)\n",
    "\n",
    "current_vertices = original_vertices\n",
    "\n",
    "# set up simulation object\n",
    "# rbody = rigid_body.RigidBody()\n",
    "p3mesh.geometry = p3.BufferGeometry(attributes = {\"position\" : p3.BufferAttribute(current_vertices, normalized=False)})\n",
    "p3mesh.matrixAutoUpdate = False\n",
    "p3mesh.matrixWorldAutoUpdate = False\n",
    "for i in range(10000):\n",
    "    t = i/30\n",
    "    r.simulate(10.0,100)\n",
    "    # update vertex positions\n",
    "    # rigid_body.update(original_vertices.data, t)\n",
    "    #p3mesh.rotateX(0.2)\n",
    "    #p3mesh.matrix=(1.0, 0.0, 0.0, 0.0, 0.0, -0.6153524829547223, 0.7882520673753188, 0.0, 0.0, -0.7882520673753188, -0.6153524829547223, 0.0, 0,t, 0.0, 1.0)\n",
    "    p3mesh.matrix=r.q.asTuple()\n",
    "    print(p3mesh.matrix)\n",
    "    #time.sleep(1/0)"
   ]
  },
  {
   "cell_type": "code",
   "execution_count": null,
   "id": "7309a7cc-9c31-4683-a83f-1e2683af7251",
   "metadata": {},
   "outputs": [],
   "source": [
    "r = RigidBody()\n",
    "r.setMass(mass_cube())\n",
    "t = Transformation()\n",
    "t.setTranslation(0.1,0,0)\n",
    "#t.setRotation(2,1,0.001)\n",
    "r.dq=t\n",
    "\n",
    "display(renderer)\n",
    "\n",
    "current_vertices = original_vertices\n",
    "\n",
    "# set up simulation object\n",
    "# rbody = rigid_body.RigidBody()\n",
    "p3mesh.geometry = p3.BufferGeometry(attributes = {\"position\" : p3.BufferAttribute(current_vertices, normalized=False)})\n",
    "p3mesh.matrixAutoUpdate = False\n",
    "p3mesh.matrixWorldAutoUpdate = False\n"
   ]
  },
  {
   "cell_type": "code",
   "execution_count": null,
   "id": "637bde35-74e9-4515-a06b-3ead2afe481a",
   "metadata": {},
   "outputs": [],
   "source": [
    "print(r.q)\n",
    "r.simulate(100,100)"
   ]
  },
  {
   "cell_type": "code",
   "execution_count": null,
   "id": "4aeca852-1200-4555-83b2-b5a9b231ff36",
   "metadata": {},
   "outputs": [],
   "source": [
    "dir(p3mesh)"
   ]
  },
  {
   "cell_type": "code",
   "execution_count": null,
   "id": "e7536ae4-72ba-4d66-9689-b9b8b57a3b07",
   "metadata": {},
   "outputs": [],
   "source": [
    "print(p3mesh.matrix)\n",
    "print(r.q.asTuple())"
   ]
  },
  {
   "cell_type": "code",
   "execution_count": null,
   "id": "c5526bef-21cd-4e4a-b3ce-3d6d14a3c4ee",
   "metadata": {},
   "outputs": [],
   "source": [
    "for i in range(10000):\n",
    "    t = i/30\n",
    "    r.simulate(100,100)\n",
    "    # update vertex positions\n",
    "    # rigid_body.update(original_vertices.data, t)\n",
    "\n",
    "    p3mesh.matrix=r.q.asTuple()\n",
    "    print(r.q.asTuple())\n",
    "    time.sleep(1/30)"
   ]
  },
  {
   "cell_type": "code",
   "execution_count": null,
   "id": "3c077d83-f9c1-42f2-85c1-82f5ea6db9e0",
   "metadata": {},
   "outputs": [],
   "source": []
  }
 ],
 "metadata": {
  "kernelspec": {
   "display_name": "Python 3 (ipykernel)",
   "language": "python",
   "name": "python3"
  },
  "language_info": {
   "codemirror_mode": {
    "name": "ipython",
    "version": 3
   },
   "file_extension": ".py",
   "mimetype": "text/x-python",
   "name": "python",
   "nbconvert_exporter": "python",
   "pygments_lexer": "ipython3",
   "version": "3.11.8"
  }
 },
 "nbformat": 4,
 "nbformat_minor": 5
}
